Input shape:(6, 8)
Input Matrix:[[ 0.49671415 -0.1382643   0.64768854  1.52302986 -0.23415337 -0.23413696
   1.57921282  0.76743473]
 [-0.46947439  0.54256004 -0.46341769 -0.46572975  0.24196227 -1.91328024
  -1.72491783 -0.56228753]
 [-1.01283112  0.31424733 -0.90802408 -1.4123037   1.46564877 -0.2257763
   0.0675282  -1.42474819]
 [-0.54438272  0.11092259 -1.15099358  0.37569802 -0.60063869 -0.29169375
  -0.60170661  1.85227818]
 [-0.01349722 -1.05771093  0.82254491 -1.22084365  0.2088636  -1.95967012
  -1.32818605  0.19686124]
 [ 0.73846658  0.17136828 -0.11564828 -0.3011037  -1.47852199 -0.71984421
  -0.46063877  1.05712223]]

W_query shape: (8, 24), W_key shape: (8, 24), W_value shape: (8, 24)
W_query: [[0.28093451 0.54269608 0.14092422 0.80219698 0.07455064 0.98688694
  0.77224477 0.19871568 0.00552212 0.81546143 0.70685734 0.72900717
  0.77127035 0.07404465 0.35846573 0.11586906 0.86310343 0.62329813
  0.33089802 0.06355835 0.31098232 0.32518332 0.72960618 0.63755747]
 [0.88721274 0.47221493 0.11959425 0.71324479 0.76078505 0.5612772
  0.77096718 0.4937956  0.52273283 0.42754102 0.02541913 0.10789143
  0.03142919 0.63641041 0.31435598 0.50857069 0.90756647 0.24929223
  0.41038292 0.75555114 0.22879817 0.07697991 0.28975145 0.16122129]
 [0.92969765 0.80812038 0.63340376 0.87146059 0.80367208 0.18657006
  0.892559   0.53934224 0.80744016 0.8960913  0.31800347 0.11005192
  0.22793516 0.42710779 0.81801477 0.86073058 0.00695213 0.5107473
  0.417411   0.22210781 0.11986537 0.33761517 0.9429097  0.32320293]
 [0.51879062 0.70301896 0.3636296  0.97178208 0.96244729 0.2517823
  0.49724851 0.30087831 0.28484049 0.03688695 0.60956433 0.50267902
  0.05147875 0.27864646 0.90826589 0.23956189 0.14489487 0.48945276
  0.98565045 0.24205527 0.67213555 0.76161962 0.23763754 0.72821635]
 [0.36778313 0.63230583 0.63352971 0.53577468 0.09028977 0.8353025
  0.32078006 0.18651851 0.04077514 0.59089294 0.67756436 0.01658783
  0.51209306 0.22649578 0.64517279 0.17436643 0.69093774 0.38673535
  0.93672999 0.13752094 0.34106635 0.11347352 0.92469362 0.87733935]
 [0.25794163 0.65998405 0.8172222  0.55520081 0.52965058 0.24185229
  0.09310277 0.89721576 0.90041806 0.63310146 0.33902979 0.34920957
  0.72595568 0.89711026 0.88708642 0.77987555 0.64203165 0.08413996
  0.16162871 0.89855419 0.60642906 0.00919705 0.10147154 0.66350177]
 [0.00506158 0.16080805 0.54873379 0.6918952  0.65196126 0.22426931
  0.71217922 0.23724909 0.3253997  0.74649141 0.6496329  0.84922341
  0.65761289 0.5683086  0.09367477 0.3677158  0.26520237 0.24398964
  0.97301055 0.39309772 0.89204656 0.63113863 0.7948113  0.50263709]
 [0.57690388 0.49251769 0.19524299 0.72245212 0.28077236 0.02431597
  0.6454723  0.17711068 0.94045858 0.95392858 0.91486439 0.3701587
  0.01545662 0.92831856 0.42818415 0.96665482 0.96361998 0.85300946
  0.29444889 0.38509773 0.85113667 0.31692201 0.16949275 0.55680126]]
W_key: [[0.93615477 0.6960298  0.57006117 0.09717649 0.61500723 0.99005385
  0.14008402 0.51832965 0.87737307 0.74076862 0.69701574 0.70248408
  0.35949115 0.29359184 0.80936116 0.81011339 0.86707232 0.91324055
  0.5113424  0.50151629 0.79829518 0.64996393 0.70196688 0.79579267]
 [0.89000534 0.33799516 0.37558295 0.09398194 0.57828014 0.03594227
  0.46559802 0.54264463 0.28654125 0.59083326 0.03050025 0.03734819
  0.82260056 0.36019064 0.12706051 0.52224326 0.76999355 0.21582103
  0.62289048 0.08534746 0.05168172 0.53135463 0.54063512 0.6374299 ]
 [0.72609133 0.97585208 0.51630035 0.32295647 0.79518619 0.27083225
  0.43897142 0.07845638 0.02535074 0.96264841 0.83598012 0.69597421
  0.40895294 0.17329432 0.15643704 0.2502429  0.54922666 0.71459592
  0.66019738 0.2799339  0.95486528 0.73789692 0.55435405 0.61172075]
 [0.41960006 0.24773099 0.35597268 0.75784611 0.01439349 0.11607264
  0.04600264 0.0407288  0.85546058 0.70365786 0.47417383 0.09783416
  0.49161588 0.47347177 0.17320187 0.43385165 0.39850473 0.6158501
  0.63509365 0.04530401 0.37461261 0.62585992 0.50313626 0.85648984]
 [0.65869363 0.16293443 0.07056875 0.64241928 0.02651131 0.58577558
  0.94023024 0.57547418 0.38816993 0.64328822 0.45825289 0.54561679
  0.94146481 0.38610264 0.96119056 0.90535064 0.19579113 0.0693613
  0.100778   0.01822183 0.09444296 0.68300677 0.07118865 0.31897563]
 [0.84487531 0.02327194 0.81446848 0.28185477 0.11816483 0.69673717
  0.62894285 0.87747201 0.73507104 0.80348093 0.28203457 0.17743954
  0.75061475 0.80683474 0.99050514 0.41261768 0.37201809 0.77641296
  0.34080354 0.93075733 0.85841275 0.42899403 0.75087107 0.75454287]
 [0.10312387 0.90255291 0.50525237 0.82645747 0.3200496  0.89552323
  0.38920168 0.01083765 0.90538198 0.09128668 0.31931364 0.95006197
  0.95060715 0.57343789 0.63183721 0.44844552 0.29321077 0.32866455
  0.67251846 0.75237453 0.79157904 0.78961814 0.0912061  0.4944203 ]
 [0.05755876 0.54952888 0.4415305  0.88770418 0.35091501 0.11706702
  0.14299168 0.76151063 0.61821806 0.10112268 0.08410681 0.70096913
  0.07276301 0.82186006 0.70624223 0.08134878 0.08483771 0.98663958
  0.3742708  0.37064215 0.81279957 0.94724858 0.98600106 0.75337819]]
W_value: [[0.37625959 0.08350072 0.77714692 0.55840425 0.42422201 0.90635439
  0.11119748 0.4926251  0.01135364 0.46866064 0.05630328 0.11881792
  0.11752625 0.6492103  0.74604488 0.58336877 0.96217255 0.37487058
  0.28571209 0.86859913 0.22359584 0.96322254 0.01215447 0.96987883]
 [0.04315991 0.89114311 0.52770111 0.9929648  0.07379656 0.55385428
  0.96930254 0.52309784 0.62939864 0.69574869 0.45454106 0.62755808
  0.58431431 0.90115801 0.04544638 0.28096319 0.95041148 0.89026378
  0.45565675 0.6201326  0.27738118 0.18812116 0.4636984  0.35335223]
 [0.58365611 0.07773464 0.97439481 0.98621074 0.69816171 0.53609637
  0.30952762 0.81379502 0.68473117 0.16261694 0.91092718 0.82253724
  0.94979991 0.72571951 0.6134152  0.41824304 0.93272848 0.86606389
  0.04521867 0.02636697 0.37646337 0.81055333 0.98727613 0.15041689]
 [0.59413072 0.38089086 0.9699144  0.84211892 0.8383287  0.46869316
  0.4148195  0.27340707 0.0563755  0.86472238 0.81290101 0.99971767
  0.99663684 0.55543171 0.76898742 0.94476573 0.84964739 0.2473481
  0.45054414 0.12915942 0.95405103 0.60617463 0.22864281 0.67170068]
 [0.61812824 0.35816272 0.11355759 0.6715732  0.5203077  0.77231839
  0.5201635  0.8521815  0.55190684 0.56093797 0.8766536  0.40348287
  0.13401523 0.02878268 0.75513726 0.62030955 0.70407977 0.21296416
  0.13637148 0.01454467 0.35058756 0.58991769 0.39224405 0.43747492]
 [0.90415869 0.34825547 0.51398949 0.78365301 0.39654278 0.6220867
  0.86236371 0.94952062 0.14707348 0.92658763 0.49211629 0.25824439
  0.45913576 0.98003258 0.49261809 0.32875161 0.63340085 0.24014562
  0.07586333 0.12887972 0.12804584 0.15190269 0.13882717 0.64087474]
 [0.18188008 0.34566728 0.89678841 0.47396164 0.66755774 0.17231987
  0.19228902 0.04086862 0.16893506 0.27859034 0.17701048 0.08870253
  0.12063587 0.46077877 0.20633372 0.36426986 0.50341727 0.69039483
  0.03931214 0.7994104  0.62790039 0.08175903 0.87357862 0.9208724 ]
 [0.06107796 0.27687765 0.80620128 0.74825969 0.18452102 0.20934932
  0.3704721  0.48452299 0.61825477 0.36891364 0.46253472 0.74747094
  0.0366832  0.25243694 0.71334959 0.89520684 0.51167744 0.53211349
  0.10717201 0.44741237 0.53261727 0.2424705  0.26924323 0.37728416]]

scores shape: (6, 6)
 scores: [[ 25.63168857 -30.47853874 -20.34491431  -6.41704555 -23.26078138
   -4.56234092]
 [-28.3604598   35.11095981  22.09928796   7.28153501  27.71953042
    5.72901826]
 [-19.22078024  23.05298081  15.01872434   4.90778865  17.64264302
    3.77619702]
 [ -3.58647327   4.83372789   2.53606565   1.1735434    4.14207206
    1.09646963]
 [-23.41375283  29.32123323  18.03252758   6.00100121  23.06997785
    4.47655131]
 [ -5.58079627   7.18053548   4.56797701   1.19701497   5.86209104
    0.83274747]]
Elapsed time for self-attention computation: 0.011310 seconds

Output shape:(6, 24)Output Matrix:[[ 1.44149911  1.14168193  4.30936336  3.04339888  2.91065108  1.54097517
   1.01774259  1.13038191  1.02555866  1.93369294  2.10719785  2.58637138
   2.19045023  2.19904845  2.51391628  3.00076995  3.11918948  2.39331951
   0.88903147  2.13171226  3.05785632  2.04214194  2.39144494  3.04464581]
 [-2.628538   -1.10147193 -3.93734519 -3.14777676 -2.76069685 -2.01001467
  -1.92769629 -2.40502801 -0.79408984 -2.64632474 -1.8752544  -1.53188052
  -1.71743412 -3.21589336 -2.48416951 -2.36560188 -2.96157705 -2.10732295
  -0.35841202 -2.01725831 -2.11594989 -1.43277891 -2.14652701 -3.56693855]
 [-2.6262861  -1.10604261 -3.93361677 -3.14760752 -2.75766004 -2.00961588
  -1.93155287 -2.40254657 -0.79269964 -2.64985189 -1.8742263  -1.53249326
  -1.71896492 -3.21677401 -2.48011075 -2.36404246 -2.9613956  -2.10591307
  -0.36158632 -2.01712372 -2.1157109  -1.42946817 -2.14269816 -3.56576209]
 [-2.35946775 -1.40851768 -3.52645135 -3.03797458 -2.43760624 -1.92050838
  -2.14434367 -2.12231314 -0.65886159 -2.8219762  -1.7502985  -1.56842589
  -1.82759317 -3.17651147 -2.0964911  -2.17483583 -2.86965053 -1.92701821
  -0.61248049 -1.9177938  -2.03442262 -1.17171777 -1.76685087 -3.32752332]
 [-2.62791995 -1.10310759 -3.93607504 -3.14777675 -2.75975864 -2.00996005
  -1.92914194 -2.40430916 -0.79363372 -2.64764031 -1.87495431 -1.53198305
  -1.71791306 -3.21628219 -2.48279346 -2.36504321 -2.96155802 -2.10688319
  -0.35945257 -2.01726538 -2.11587387 -1.43159094 -2.145347   -3.56669871]
 [-2.45043617 -1.30603303 -3.73152981 -3.10892452 -2.56094302 -1.95525822
  -2.07314843 -2.22327565 -0.71309372 -2.77924043 -1.79977036 -1.59900937
  -1.81060588 -3.21971329 -2.26387502 -2.28677997 -2.92936434 -2.01298992
  -0.5377848  -1.98284227 -2.09496384 -1.28178282 -1.89665496 -3.43490733]]

Process finished with exit code 0
